[Settings]
angle_offset = 0.4
max_iteration = 8
color_value = 0.4
color_minimum = 0
scale = 0.258959044368601
subhand_width = 1.179607508532425
overlay_width = 1.5
indicator_width = 2.0627133105802065
indicator_size = 1.8694539249146764
digital_opacity = 0.4581911262798638
circle_opacity = 0.3430034129692836
circle_scale = 0.7965017064846418
digital_x = 0.5
digital_y = 0.1
digital_size = 1
anti_screen_burn = True
digital_color = #668cff
indicators_color = #7f9fff
fractal_color = #32ffff
hand_color = #ffffff
show_digital = 1

